00000010010000000000000000001100011100011100000000000000000000000000001100000011
01011000101000000011000000001100010100011100000000000000000011000000001010000011
01101000101000000100100000000000010100011100000000000000000011000000000110000000
00000000010000000100100000000000000000000011100000000000000000000000000000000000
11100000000000000011000001000000000000000011100000000000001111000000000000000000
11100000000000000000000000010000000000000011100000000011010000100000000000000000
11100000000000000000000001110000000000000000000000000011011000100000000000000000
00011100000000000000000000000000000000000000000000000000010010101100000000000000
00011100000000100000000000000000000000000000000000000000010100101100000000000000
00011100000000110000000000000000000000000000000000000000001111000000000000000000
00000000000000111000000000000000000000000000000000000000000000000000000000000000
00000000000000110000000000000000000000000000000000000000001100000000000000000000
00000000000000100000000000000000000000000000000000000000001100000000000000000000
00000010000000000000000000000000000100000000000000000000000000000000000000000000
00000101000000000000000000000000001000000000000000000000000000000000000000000000
00000101000000000000001100000000010000000000001100000001100110011001100110000000
00000010000000000000010010000000100000000000001100001011100110011001100110000000
00000000000000000000100000000001011000000000000000110100000000000000000000000000
01100000001100000001000000000010011000000000000000110001111111111111111111000000
10010000010010000010000000000100000000000000000000110100000000000000000000000000
01100000001100000100000000001000010000000000001100001011100110011001100110000000
00000000000000001000000000010000101000000000001100000001100110011001100110000000
00000010000000010000000001110000100100110000000000000000000000000000000000000100
00000101000000100000000001100000000010110000000000000000000000000000000000001010
00000101000001000000000011000000001100000000000000000000000000000000000000000100