00000000000000000000000000000000000000000000000000000000000000000000000000000000
00000000111111000000000011111111110000111111111111000111111111110001111111111000
00000110001111000000110001111001100001111001111000110001111001111000110001111000
00001010000101000001010000101010000101010000101010000101010000101010000101010000
00001010000101000001010000101010000101010000101010000101010000101010000101010000
00001110001111000000110001111001100001111001111000110001111001111000110001111000
00000110001111000000110001111001100001111001111000110001111001111000110001111000
00000000111111000000000011111111110000111111111111000111111111110001111111111000
00000000000000000000000000000000000000000000000000000000000000000000000000000000
11111111111111111111111111111111111111111111111111111111111111111111111111111111
01111000111110001111000111110001111000111110001111000111110001111000111110001111 
01111000111110001111000111110001111000111110001111000111110001111000111110001111
01010101010101010101010101010101010101010101010101010101010101010101010101010101
01111000111110001111000111110001111000111110001111000111110001111000111110001111
01111000111110001111000111110001111000111110001111000111110001111000111110001111
11111111111111111111111111111111111111111111111111111111111111111111111111111111
00000000000000000000000000000000000000000000000000000000000000000000000000000000
00000000111111000000000011111111110000111111111111000111111111110001111111111000
00000110001111000000110001111001100001111001111000110001111001111000110001111000
00001010000101000001010000101010000101010000101010000101010000101010000101010000
00001010000101000001010000101010000101010000101010000101010000101010000101010000
00001110001111000000110001111001100001111001111000110001111001111000110001111000
00000110001111000000110001111001100001111001111000110001111001111000110001111000
00000000111111000000000011111111110000111111111111000111111111110001111111111000
00000000000000000000000000000000000000000000000000000000000000000000000000000000