00000000000000000000000000000000000000000000000000000000000000000000000000000000
00000000000000000000000000000000000000000000000000000000000000000000000000000000
00000000000000000000000000000000000000000000000000000000000000000000000000000000
00000000000000000000000000000000000000000000000000000000000000000000000000000000
00000011100000000111000000001110000000011100000000111000000001110000000011100000
00010110000000101100000001011000000010110000000101100000001011000000010110000000
00010000100000100001000001000010000010000100000100001000001000010000010000100000
00011000110000110001100001100011000011000110000110001100001100011000011000110000
00001000010000010000100000100001000001000010000010000100000100001000001000010000
00000011010000000110100000001101000000011010000000110100000001101000000011010000
00001110000000011100000000111000000001110000000011100000000111000000001110000000
00000000000000000000000000000000000000000000000000000000000000000000000000000000
00000000000000000000000000000000000000000000000000000000000000000000000000000000
00000000000000000000000000000000000000000000000000000000000000000000000000000000
00000011100000000111000000001110000000011100000000111000000001110000000011100000
00010110000000101100000001011000000010110000000101100000001011000000010110000000
00010000100000100001000001000010000010000100000100001000001000010000010000100000
00011000110000110001100001100011000011000110000110001100001100011000011000110000
00001000010000010000100000100001000001000010000010000100000100001000001000010000
00000011010000000110100000001101000000011010000000110100000001101000000011010000
00001110000000011100000000111000000001110000000011100000000111000000001110000000
00000000000000000000000000000000000000000000000000000000000000000000000000000000
00000000000000000000000000000000000000000000000000000000000000000000000000000000
00000000000000000000000000000000000000000000000000000000000000000000000000000000
00000000000000000000000000000000000000000000000000000000000000000000000000000000